1	10001	249239583	1	1
2	10001	243186447	1	1
3	60001	77261512	1	1
3	77261513	197903744	1	1
4	10001	23694428	2	0
4	23694429	191044380	1	1
5	12001	180736835	1	1
6	171001	170982690	1	1
7	16001	159128484	1	1
8	141046	146304564	1	1
9	14001	141128277	1	1
10	60001	135511267	1	1
11	123001	134946574	1	1
12	61001	133837963	1	1
13	19020001	115109777	1	1
14	19002001	107290152	1	1
15	20001001	102506283	1	1
16	60001	90293339	1	1
17	1	81194341	1	1
18	10001	78017252	1	1
19	90001	59119777	1	1
20	60001	62965974	1	1
21	9412001	48105307	1	1
22	16050001	51237743	1	1
Y	9931119	59033695	0	0
