1	10001	249239583	1	1
2	10001	243186447	1	1
3	60001	74636284	1	1
3	74636285	78979071	2	0
3	78979072	197901744	1	1
4	10001	191044380	1	1
5	11001	180736835	1	1
6	132001	171047690	1	1
7	35001	159129484	1	1
8	127046	146303564	1	1
9	10001	141128277	1	1
10	60001	135524267	1	1
11	123001	134946574	1	1
12	61001	133841963	1	1
13	19020001	115110777	1	1
14	19002001	107290152	1	1
15	20001001	26913171	2	0
15	26913172	102506283	1	1
16	60001	90293339	1	1
17	1	81190341	1	1
18	10001	78017252	1	1
19	90001	59119777	1	1
20	60001	62965974	1	1
21	9411001	48105307	1	1
22	16050001	51238743	1	1
Y	9931119	59034695	0	0
