10	1188081	6	15
10	5973087	7	15
10	6199478	11	16
10	6199485	10	15
10	14981536	7	15
10	17024025	17	17
10	17241705	15	15
10	19194099	10	17
10	25601340	15	15
10	26176051	10	17
10	27660733	9	16
10	33031238	9	15
10	33424300	7	15
10	33424304	7	15
10	33834208	10	19
10	48884479	5	17
10	52705663	7	15
10	54987351	17	17
10	62313176	5	18
10	63686354	10	16
10	78628537	3	18
10	81337366	15	15
10	92902863	7	15
10	95983435	7	15
10	96845311	7	15
10	97874472	9	18
10	103414480	15	15
10	104509393	6	20
10	104538581	7	16
10	104541500	10	15
10	106864600	8	16
10	106887801	15	15
10	117289173	17	17
10	120110823	10	15
10	120470994	16	16
10	125015706	15	15
10	126435598	9	16
10	128361953	4	15
10	129523164	18	18
11	193698	3	15
11	5291830	4	15
11	6313741	17	17
11	8957970	15	15
11	9537904	15	15
11	9827458	4	15
11	12007778	17	17
11	18180552	15	15
11	18521791	12	15
11	20721199	16	16
11	31308701	6	17
11	33019478	15	15
11	33145269	4	15
11	34205805	9	15
11	43493281	10	15
11	45958637	7	16
11	45958648	7	16
11	46708602	16	16
11	48168103	7	15
11	48307139	6	16
11	48307879	9	17
11	55503377	6	17
11	55811250	6	15
11	58159446	7	15
11	62837347	10	17
11	65499022	6	15
11	70880581	7	16
11	74258333	7	15
11	85688209	7	18
11	92945386	7	15
11	94068220	7	15
11	102538952	7	16
11	104690051	15	15
11	107839865	15	15
11	108251211	6	15
11	108418628	7	17
11	110321700	8	19
11	111942256	7	15
11	118113907	16	16
11	122800151	7	15
11	124309966	15	15
11	130188953	16	16
11	130643097	5	16
12	4766451	9	15
12	5130101	15	15
12	10484833	6	15
12	12941696	10	15
12	21207346	7	15
12	21207389	7	17
12	21792411	15	15
12	27995047	15	15
12	29817942	16	16
12	30057717	15	15
12	32287441	7	15
12	40120718	8	16
12	41151095	16	16
12	48930321	15	15
12	50420468	16	16
12	51506328	15	15
12	53168743	15	15
12	54971347	7	15
12	56924447	15	15
12	58313144	7	15
12	58383555	9	17
12	58383580	9	18
12	58403959	15	15
12	60492491	9	16
12	60492534	6	17
12	67035279	15	15
12	68085408	15	15
12	86767395	7	18
12	90418122	4	15
12	91790011	16	16
12	108521949	15	15
12	110099413	9	22
12	115550444	15	15
12	117914818	9	16
12	118918559	7	15
12	121018422	9	17
12	122873928	16	16
12	123297419	16	16
12	133802579	10	16
12	133818559	7	15
13	22295024	11	17
13	22651348	15	15
13	24479497	16	16
13	24481212	9	15
13	25018484	4	15
13	25042389	15	15
13	25639070	15	15
13	25937616	8	16
13	26319224	6	17
13	26690308	15	15
13	33319304	16	16
13	36957345	7	15
13	39839941	17	17
13	46163205	7	17
13	47877291	10	15
13	61642658	6	15
13	72705244	8	16
13	77001405	16	16
13	80517077	19	19
13	101614370	16	16
13	102386251	10	16
13	102880121	15	15
13	103990767	6	15
13	104093705	9	15
13	104093708	9	15
13	104167261	17	17
13	111514747	21	21
14	21388266	16	16
14	21970410	10	15
14	22425246	6	15
14	22425274	6	17
14	22429336	10	17
14	24298269	6	15
14	25367491	7	15
14	32083365	17	17
14	33761386	13	17
14	38438536	6	17
14	40205957	16	16
14	51568709	17	17
14	61909177	15	15
14	65096985	15	15
14	65388188	9	16
14	68254603	9	16
14	68660428	7	15
14	70886955	15	15
14	71663816	15	15
14	74508858	6	15
14	74527190	9	17
14	75545222	12	18
14	78310411	6	17
14	96023728	7	15
14	97174225	16	16
14	100829848	10	17
14	103309622	9	17
15	20847841	7	19
15	20847891	11	16
15	20848037	7	20
15	20851090	10	19
15	20851183	3	15
15	20851229	4	15
15	20862958	2	17
15	20868467	3	20
15	20868548	6	21
15	20871836	5	22
15	22866380	14	17
15	23004123	16	16
15	25698386	8	16
15	28701378	8	16
15	28704198	8	19
15	28704518	7	15
15	38532137	7	16
15	40920144	15	15
15	43313440	9	15
15	45690989	8	19
15	48736684	15	15
15	49919840	15	15
15	52033420	9	16
15	52864037	15	15
15	56434956	9	17
15	59689625	9	15
15	65739683	16	16
15	67086064	6	15
15	69620461	16	16
15	81721401	15	15
15	89712765	17	17
15	91573504	9	15
15	91897748	15	15
15	92055605	7	18
15	93559387	12	20
15	102133313	7	17
16	5173023	16	16
16	20707858	7	15
16	56981240	7	15
16	58109709	10	18
16	69761827	2	17
16	69761828	2	17
16	70897531	10	17
16	70901850	9	15
16	70901970	14	25
16	70905544	7	20
16	70930002	12	23
16	70930060	8	20
16	70934106	11	17
16	70939882	11	21
16	70942103	6	16
16	70942432	9	17
16	70942688	10	19
16	70950526	7	15
16	70951939	10	17
16	70963852	7	15
16	70988672	13	20
16	71006580	6	17
16	71023277	12	22
16	71023327	7	23
16	71032562	7	15
16	71038427	10	18
16	71038592	7	17
16	71042309	7	18
16	71042440	5	19
16	71043061	7	18
16	71049274	7	17
16	71049391	16	19
16	71055774	13	17
16	71056218	8	16
16	71087964	5	22
16	71088080	5	18
16	71088146	4	16
16	71093331	11	17
16	71093342	10	18
16	71099726	12	22
16	71099747	14	23
16	71128268	10	25
16	71130028	9	21
16	71137145	13	15
16	71137147	13	15
16	71161716	10	19
16	71197630	10	19
16	71947734	9	15
16	72144174	9	15
16	74540161	17	17
16	74704299	10	15
16	81112136	15	15
16	81242085	4	15
16	84724998	12	16
17	589651	11	20
17	6833354	7	15
17	25272816	24	57
17	25272832	26	55
17	25285867	4	15
17	25286139	16	26
17	25286275	7	19
17	25288540	4	27
17	25294773	3	16
17	25331830	8	16
17	25337118	16	16
17	29530876	7	15
17	31784378	5	18
17	35697090	16	16
17	36304833	2	17
17	36397744	3	21
17	36399048	5	17
17	36399054	5	17
17	36403154	9	30
17	38894342	7	15
17	39154242	7	16
17	39260103	7	15
17	39335555	16	16
17	41379568	10	16
17	41400371	122	132
17	41400462	200	209
17	51875761	4	15
17	54480227	15	15
17	59881422	15	15
17	64029404	15	15
17	64038065	16	16
17	64978425	9	16
17	71255011	10	16
17	71836446	7	15
18	2920288	18	18
18	18987276	17	17
18	42215068	7	15
18	55706347	15	15
18	61843684	4	15
18	62847466	11	16
18	64011442	7	17
18	64015528	7	15
18	65484396	15	15
18	68084801	9	18
18	69771104	13	19
18	75375954	17	17
18	75375979	6	20
18	75422818	16	16
19	2396556	3	16
19	3977413	7	16
19	6833989	15	15
19	6921868	7	18
19	9874869	9	15
19	22092727	15	15
19	36840582	10	15
19	40091360	5	18
19	40372928	9	15
19	44930535	10	18
19	47785211	10	15
19	51988280	6	15
19	52030758	4	15
19	52386781	6	17
19	53620413	15	15
19	54273839	15	15
19	55292825	4	16
19	55294252	6	16
19	55360439	6	15
19	58997079	7	15
1	16885260	6	17
1	16885674	2	19
1	16903747	4	15
1	16968396	3	17
1	17046361	5	17
1	17056713	9	26
1	17056794	3	25
1	19507999	16	16
1	19830555	15	15
1	27546406	15	15
1	33258850	15	15
1	40395001	15	15
1	49330693	17	17
1	59462015	6	16
1	60591561	15	15
1	60847303	16	16
1	76159245	17	17
1	76159278	17	17
1	79566797	16	16
1	85987191	14	21
1	85987237	9	16
1	85990482	12	23
1	85990860	5	18
1	85993651	7	19
1	85994914	7	15
1	85995111	7	21
1	85995113	13	21
1	85995901	7	16
1	85995956	7	19
1	85997643	15	23
1	85997653	16	24
1	86000015	5	19
1	87511720	17	17
1	89914917	18	18
1	90117586	6	16
1	90866778	18	18
1	92909463	7	15
1	100617887	15	15
1	102735933	17	17
1	110279821	4	15
1	121135555	7	19
1	144014345	11	28
1	144530370	9	36
1	144702161	10	17
1	144822866	6	16
1	144832402	9	18
1	144841284	7	15
1	144841314	7	18
1	144843398	9	20
1	144844575	14	26
1	144846602	7	17
1	144846785	7	15
1	144850729	6	15
1	144850833	10	19
1	144850978	6	21
1	144851903	7	24
1	144853702	10	15
1	144855532	7	18
1	144855558	10	23
1	144858090	12	21
1	144858200	3	16
1	144858510	7	18
1	144858537	12	24
1	144859624	7	15
1	144859720	24	24
1	144860026	9	21
1	144860131	7	15
1	144860285	10	18
1	144860493	9	22
1	144860509	13	28
1	144861194	14	26
1	144861408	2	17
1	144861988	9	21
1	144862419	10	18
1	144864454	18	28
1	144864491	16	25
1	144864692	6	16
1	144864829	8	23
1	144864860	4	15
1	144864979	10	17
1	144864987	2	17
1	144865596	5	19
1	144865627	3	17
1	144866400	7	15
1	144866643	10	20
1	144866662	7	15
1	144867516	5	16
1	144867529	9	17
1	144868350	19	19
1	144868827	17	17
1	144871889	10	19
1	144872293	9	24
1	144873527	7	15
1	144874304	7	15
1	144874318	7	15
1	144874471	11	20
1	144874489	9	17
1	144874760	9	17
1	144874815	5	16
1	144874950	6	16
1	144875485	4	15
1	144875799	7	17
1	144877176	7	18
1	144877520	5	22
1	144878928	10	20
1	144879981	6	16
1	144880377	10	16
1	144881389	11	20
1	144881711	5	21
1	144881840	12	20
1	144882009	8	16
1	144882912	4	16
1	144883406	9	18
1	144883464	7	16
1	144884674	10	18
1	144884687	13	17
1	144884961	7	16
1	144885134	7	15
1	144886063	8	16
1	144886092	7	19
1	144886197	6	17
1	144886350	3	17
1	144886409	12	23
1	144886932	5	18
1	144886963	7	18
1	144887559	10	16
1	144887601	8	16
1	144888371	10	20
1	144888766	7	20
1	144888968	11	25
1	144890211	8	19
1	144890833	12	23
1	144891582	10	18
1	144893214	9	18
1	144895460	6	15
1	144907842	6	15
1	144908047	10	20
1	144908068	11	22
1	144908223	7	18
1	144908405	10	24
1	144908871	8	21
1	144908890	8	19
1	144909654	4	15
1	144910082	15	15
1	144910362	10	25
1	144910787	10	18
1	144910973	7	18
1	144911200	6	17
1	144911702	12	22
1	144911704	12	22
1	144912153	16	16
1	144912233	9	15
1	144912929	8	19
1	144913369	8	19
1	144913373	3	19
1	144913802	11	21
1	144915412	10	23
1	144915794	9	17
1	144915991	9	24
1	144916226	13	19
1	144916370	5	22
1	144917199	12	20
1	144917546	7	18
1	144917841	6	16
1	144918034	5	18
1	144918189	8	19
1	144919377	5	18
1	144919517	6	28
1	144920526	9	15
1	144921254	13	24
1	144921332	10	18
1	144921924	5	21
1	144922109	10	20
1	144922171	10	24
1	144922861	15	23
1	144923005	5	18
1	144923148	11	20
1	144923394	13	24
1	144923503	11	19
1	144923535	11	20
1	144923728	9	22
1	144924792	14	21
1	144925036	10	19
1	144925395	7	17
1	144925612	8	16
1	144925637	5	23
1	144925765	4	16
1	144925977	11	29
1	144927043	6	16
1	144927910	8	20
1	144928002	8	23
1	144928189	5	18
1	144928349	7	18
1	144928483	10	18
1	144928731	4	15
1	144928976	9	16
1	144929327	3	22
1	144929819	12	23
1	144930571	10	16
1	144930596	10	18
1	144930940	10	15
1	144933350	9	15
1	144934377	3	18
1	144934397	7	21
1	144935315	8	19
1	144935326	6	15
1	144935442	11	20
1	144935567	9	18
1	144936353	10	16
1	144936547	10	18
1	144936631	4	21
1	144936886	12	23
1	144938866	9	24
1	144940513	9	15
1	144941568	9	22
1	144942045	4	15
1	144942095	7	19
1	144942351	3	16
1	144942505	7	25
1	144943870	9	16
1	144944078	12	22
1	144944107	14	26
1	144944578	10	20
1	144944788	9	17
1	144944819	5	21
1	144945022	7	15
1	144945116	13	19
1	144945941	19	19
1	144946183	13	19
1	144946403	9	20
1	144946510	26	26
1	144947414	10	15
1	144947488	5	16
1	144947875	6	15
1	144949494	11	21
1	144950925	7	15
1	144951973	7	15
1	144966385	10	32
1	144966489	5	22
1	144974258	10	25
1	144974485	4	15
1	144974680	3	19
1	144981303	4	15
1	144986081	17	27
1	144987087	3	30
1	144988067	19	33
1	144988242	4	31
1	144988268	5	25
1	144989517	3	28
1	144989603	4	24
1	144994658	14	35
1	145003071	5	31
1	145008775	5	23
1	145008813	4	24
1	145289164	4	34
1	145294531	6	24
1	149262528	9	16
1	149731738	9	22
1	149731753	9	20
1	151557321	12	16
1	151928086	4	15
1	155891045	16	16
1	158706126	10	16
1	160310363	8	16
1	160574440	16	16
1	169892284	16	16
1	171649089	10	15
1	173471890	9	18
1	176677967	9	17
1	181995078	7	15
1	186105072	10	15
1	186247157	10	15
1	201943941	8	16
1	202905197	9	16
1	203650336	9	15
1	204366437	17	17
1	206560005	5	16
1	216768889	9	16
1	223006211	17	17
1	227404082	7	15
1	242205902	15	15
1	247760810	16	16
1	248426484	15	15
20	380790	16	16
20	3309864	7	15
20	8607393	17	17
20	9382640	8	19
20	11880395	15	15
20	20036473	9	15
20	20330650	9	15
20	24920310	15	15
20	32643100	16	16
20	33103521	15	15
20	40960206	7	18
20	53644367	16	16
20	54528147	15	15
20	54714560	4	15
20	56060067	7	15
21	21086178	15	15
21	21116855	15	15
21	29589603	9	15
21	33141242	15	15
21	38814702	18	18
21	39078259	15	15
21	39206100	17	17
21	39206154	16	16
21	45282449	7	15
22	18084001	16	16
22	19956553	9	16
22	24975488	16	16
22	25113330	7	15
22	25113739	4	15
22	29479890	3	15
22	30331290	8	16
22	31428853	9	17
22	42873942	4	16
22	44012496	15	15
22	45995792	10	15
22	47327462	15	15
2	11488044	9	16
2	17879072	16	16
2	18122652	16	16
2	21456884	6	16
2	24484150	16	16
2	24756227	16	16
2	27526681	7	15
2	32700322	7	16
2	37728687	17	17
2	37728998	15	15
2	39449456	18	18
2	39477170	15	15
2	39719510	15	15
2	40883043	7	19
2	42511903	7	18
2	47362229	15	15
2	56090539	10	18
2	61417145	9	18
2	67858503	11	16
2	71587334	7	18
2	72066907	15	15
2	73675019	9	15
2	75328100	3	15
2	88784492	15	15
2	96608533	5	21
2	96618355	25	35
2	98958071	10	18
2	98958096	7	18
2	108063018	15	15
2	113394119	15	15
2	133046772	8	29
2	133047776	9	21
2	133047911	9	20
2	137146961	15	15
2	137381688	15	15
2	141873954	15	15
2	144670651	12	18
2	156109104	7	15
2	159263270	15	15
2	160863438	20	20
2	160863439	20	20
2	161563048	10	15
2	167470243	10	18
2	175642606	5	16
2	176865835	10	15
2	178946175	6	15
2	179801042	19	19
2	180233299	15	15
2	181274440	7	15
2	183211854	16	16
2	184725190	9	18
2	184812939	6	17
2	184888972	6	15
2	191199554	8	16
2	193913904	16	16
2	199345397	17	17
2	199345409	18	18
2	207472683	18	18
2	211760996	9	15
2	212023249	4	15
2	212023661	16	16
2	212406402	15	15
2	214751585	15	15
2	214751586	15	15
2	214779250	15	15
2	221301983	15	15
2	221304382	6	17
2	229093396	16	16
3	37108896	6	15
3	42613846	6	15
3	47999337	6	15
3	52980573	9	15
3	53933370	4	15
3	58380465	15	15
3	74469485	15	15
3	85984645	19	19
3	97792318	9	15
3	97970423	9	16
3	100836731	4	15
3	108396656	12	15
3	108401146	9	18
3	111518790	16	16
3	111669065	7	15
3	112428754	15	15
3	113313947	8	16
3	118875732	10	15
3	118967571	16	16
3	121132268	15	15
3	121699238	10	15
3	124990027	18	18
3	131891097	10	17
3	131952347	19	19
3	137448083	15	15
3	137568579	15	15
3	138788659	20	20
3	140394278	17	17
3	142559037	8	16
3	143410632	7	15
3	145522425	16	16
3	145632299	10	19
3	148644848	4	15
3	150878729	9	17
3	151192856	16	16
3	153736584	6	15
3	156481263	16	16
3	160676590	16	16
3	164418546	9	17
3	164426911	10	15
3	171883633	4	15
3	183820124	6	15
3	185036335	15	15
3	189265582	18	18
3	189744007	7	20
3	189748529	6	15
3	193081122	7	15
3	195512042	23	23
3	195512107	27	27
4	9448039	13	21
4	17585625	17	17
4	25397036	9	15
4	26721241	6	16
4	38830350	6	15
4	39084322	10	18
4	40358248	4	15
4	40780144	7	20
4	47889884	10	16
4	48546153	10	16
4	58082325	6	15
4	70386623	10	15
4	72706590	6	17
4	80618807	15	15
4	86539118	18	18
4	86557671	21	21
4	86673721	10	15
4	96966180	9	16
4	101124615	8	19
4	108013522	15	15
4	114432073	9	15
4	115212139	12	18
4	116670101	10	17
4	119896186	17	17
4	121395960	4	15
4	125244583	7	17
4	130129676	15	15
4	145028431	15	15
4	145359666	18	18
4	154725211	7	15
4	176519475	15	15
4	187204937	15	15
5	171643	15	15
5	678062	9	15
5	801362	15	15
5	13911700	10	15
5	13911704	4	15
5	36136675	7	18
5	36141386	7	19
5	37364443	15	15
5	42700044	16	16
5	49979466	15	15
5	51647364	19	19
5	51647391	17	17
5	57049731	8	16
5	61218807	6	17
5	75285009	7	16
5	76757332	10	15
5	76757339	10	15
5	94153862	4	15
5	95650858	15	15
5	95677667	15	15
5	101778243	17	17
5	109433120	7	15
5	111593415	19	19
5	112213805	6	16
5	114655993	10	15
5	120523561	7	15
5	120523618	10	17
5	120690691	9	16
5	121446508	15	15
5	121700781	9	15
5	126196322	5	16
5	130350594	15	15
5	133412459	7	18
5	137227987	15	15
5	138524676	17	17
5	139317733	7	15
5	139327334	10	17
5	139327362	10	15
5	139609242	9	16
5	139811086	4	15
5	140191460	6	15
5	140623793	7	15
5	144857230	10	18
5	148877936	10	16
5	148954059	10	16
5	150327519	10	15
5	161007256	8	16
5	175346384	7	15
5	175348041	10	17
5	175348070	3	16
5	175350502	7	15
5	176134572	7	15
6	311938	4	15
6	335175	27	27
6	348080	17	17
6	1742994	10	18
6	4052383	7	20
6	11006026	9	16
6	18166802	15	15
6	29291002	16	21
6	30491108	16	16
6	30519851	16	16
6	30539952	16	16
6	32342691	7	15
6	32943661	7	15
6	36307044	6	15
6	37154223	8	16
6	38763733	7	15
6	38808850	16	16
6	43300802	16	16
6	51348754	19	19
6	53626097	13	17
6	53626100	13	17
6	54978214	13	17
6	56345337	6	15
6	70781166	16	16
6	74834022	18	18
6	74938318	11	16
6	76536805	9	15
6	76558380	14	18
6	76622157	9	18
6	77053079	7	18
6	77094931	6	15
6	80932894	9	17
6	83634061	7	15
6	86886644	8	16
6	88896951	6	15
6	91142395	7	15
6	108823189	7	17
6	110042605	4	15
6	117270050	15	15
6	117341115	7	15
6	123065188	17	17
6	125725116	6	15
6	125899476	9	16
6	128724888	15	15
6	132519246	4	15
6	137234919	15	15
6	137293331	17	17
6	137564801	5	18
6	137646865	15	15
6	139885088	15	15
6	143807450	7	15
6	146999820	16	16
6	152087639	9	15
6	152110943	16	16
6	152110944	16	16
6	152806563	7	15
6	152973974	16	16
6	152997043	6	15
6	160914056	7	15
6	167773742	1	15
7	940724	15	15
7	7516683	9	17
7	7668666	16	16
7	15641010	7	15
7	26290908	9	15
7	27605495	10	15
7	31182622	10	17
7	31904177	16	16
7	36503950	12	16
7	56210006	16	16
7	64890954	15	15
7	72888799	7	16
7	83220313	8	16
7	86171813	15	15
7	88595238	10	15
7	89485714	7	15
7	89532589	7	16
7	93679013	9	16
7	99396074	16	16
7	103481644	7	18
7	107324774	10	17
7	107458861	10	16
7	107458929	4	16
7	124026700	13	19
7	124026715	14	20
7	133367142	19	19
7	135064882	7	15
7	135064883	7	15
7	136956607	7	15
7	150251937	9	16
7	156769441	5	19
7	156769452	12	18
8	8512372	4	15
8	8856396	15	15
8	9423418	10	15
8	12438263	30	30
8	12444023	11	36
8	12444213	12	32
8	12444363	8	30
8	12929713	16	16
8	13823237	12	15
8	16960022	9	15
8	25602907	15	15
8	32320729	7	17
8	39868586	10	17
8	42549647	16	16
8	57349118	7	15
8	60424392	10	17
8	60424393	10	17
8	69049503	17	17
8	69247003	10	17
8	69894316	8	16
8	69962988	15	15
8	72407665	3	15
8	72482352	6	17
8	87051321	17	17
8	96849535	15	15
8	118794753	15	15
8	126338544	7	15
8	131785121	9	16
8	132141250	15	15
8	134164676	10	16
8	134823260	7	17
8	135252183	15	15
9	7174673	7	16
9	76927907	15	15
9	80031946	16	16
9	101447811	5	16
9	102176057	7	15
9	103655593	16	16
9	105623343	16	16
9	112455132	6	15
9	112535439	7	16
9	114421679	10	18
9	117282678	7	16
9	117283386	17	17
9	119927510	7	15
9	120611106	6	16
9	132618281	15	15
9	133408879	9	16
