10	7828752	8	16
10	15771975	15	15
10	17188474	16	16
10	33304608	15	15
10	66726865	15	15
10	106911903	6	15
10	117240934	18	18
10	123976391	15	15
11	193863	12	15
11	193865	12	15
11	36544361	6	15
11	46802094	15	15
11	49995816	16	16
11	128642388	7	15
12	22072339	9	15
12	40107597	15	15
12	55319137	9	15
12	56485118	15	17
12	64455813	15	15
12	65838953	11	16
12	69109085	15	15
12	110099413	6	24
12	116846382	15	15
12	118098511	7	15
13	45029565	8	16
13	74994547	15	15
13	104362983	15	15
15	20847841	7	15
15	20868467	3	15
15	28704518	12	21
15	45740212	9	15
15	76274512	9	16
15	79073454	6	15
15	86207481	4	16
16	56940513	5	17
16	61794862	4	15
16	61794882	6	17
16	70900802	9	15
16	70939798	7	15
16	70939882	7	15
16	70951819	9	16
16	70988483	6	16
16	71006580	16	21
16	71023327	7	15
16	71038339	11	21
16	71042440	10	16
16	71093331	7	19
16	71093342	7	16
16	71099543	10	15
16	71099556	6	16
16	71130028	9	17
16	71161716	7	15
16	71197440	7	15
16	80676058	7	15
16	89841239	6	15
17	1278568	15	15
17	21223256	8	16
17	25391964	5	16
17	33968871	15	15
17	36304634	4	15
17	36365661	3	18
17	36403154	4	21
17	41400371	119	122
17	41400462	169	172
17	64038020	16	16
17	70915248	16	16
18	72260667	5	16
19	19792250	9	15
19	46908278	9	15
1	16858478	9	15
1	16860736	4	15
1	16904121	6	16
1	16904697	3	22
1	16968396	3	23
1	17046361	4	15
1	17056713	5	19
1	21374810	15	15
1	23708964	15	15
1	33526343	7	15
1	33526344	7	15
1	40828843	10	15
1	52661348	15	15
1	71104854	6	15
1	85987191	10	15
1	85990482	9	17
1	85992989	4	16
1	85995111	12	23
1	85995113	10	23
1	85997643	10	19
1	85997653	9	16
1	86000015	7	15
1	120596847	9	15
1	144530370	4	24
1	144822866	7	18
1	144841106	9	15
1	144841150	7	15
1	144841284	5	18
1	144842555	9	15
1	144842556	5	16
1	144846577	4	15
1	144846602	7	15
1	144849161	4	15
1	144850729	4	15
1	144850978	9	18
1	144852910	14	28
1	144854277	7	17
1	144856289	13	20
1	144856683	4	20
1	144856698	3	19
1	144857876	10	15
1	144858510	7	17
1	144858537	9	15
1	144859624	3	17
1	144860285	7	15
1	144861194	6	17
1	144863737	9	18
1	144866509	6	17
1	144868350	15	15
1	144868626	5	21
1	144868632	7	19
1	144868827	22	22
1	144878928	7	15
1	144879375	7	15
1	144879981	6	15
1	144881840	8	16
1	144882823	10	19
1	144884687	7	17
1	144885117	10	15
1	144885134	10	16
1	144886092	8	19
1	144886197	10	19
1	144886932	10	19
1	144886963	10	17
1	144888968	10	15
1	144890211	7	18
1	144908405	10	18
1	144909654	4	15
1	144910082	19	19
1	144910787	7	15
1	144910973	5	17
1	144912233	7	18
1	144912825	2	21
1	144913369	7	16
1	144913802	5	16
1	144914460	10	19
1	144915561	6	17
1	144916226	8	19
1	144916370	5	19
1	144916748	11	21
1	144919517	2	21
1	144921103	10	17
1	144921332	9	16
1	144921924	7	21
1	144922861	12	20
1	144924792	7	15
1	144925036	9	15
1	144925395	10	15
1	144926116	11	17
1	144926939	9	17
1	144928731	8	16
1	144929053	8	16
1	144933350	9	16
1	144934080	10	15
1	144934377	2	19
1	144934397	12	22
1	144935315	7	15
1	144935326	7	15
1	144935831	6	15
1	144938866	13	21
1	144940226	8	16
1	144941568	7	17
1	144942045	6	21
1	144942095	6	20
1	144944078	12	20
1	144944107	9	16
1	144944788	7	15
1	144944819	4	16
1	144945941	18	18
1	144946510	17	17
1	144946768	5	18
1	144948085	3	18
1	144949494	6	17
1	144957431	3	20
1	144966385	3	17
1	144966489	4	16
1	144979442	4	15
1	144986081	11	26
1	144986103	4	25
1	144987060	8	41
1	144987087	20	41
1	144988067	10	25
1	144989455	3	26
1	144989517	10	31
1	144989603	6	21
1	144994658	16	28
1	145002889	9	20
1	145003071	7	18
1	145008775	6	41
1	145008813	7	36
1	145289164	9	28
1	145294531	6	17
1	149262528	3	15
1	150678071	15	15
1	155616114	15	15
1	197022621	6	15
1	238214972	23	25
1	248426484	16	16
20	38703009	15	15
20	42673848	9	15
21	21071070	19	19
2	19752887	9	15
2	37503938	5	16
2	96618308	26	31
2	96618355	28	35
2	106596215	7	15
2	117268270	15	15
2	120672939	4	15
2	160520087	9	16
2	161460952	15	15
2	167102524	15	15
2	193913904	15	15
2	209471702	7	15
2	229059196	15	15
2	234256526	10	15
3	12825513	15	15
3	36820886	7	15
3	57818641	8	19
3	108121978	6	16
3	111351024	6	17
3	112001223	11	16
3	178665861	16	16
3	178825723	10	18
3	183540387	4	15
3	183617239	6	15
3	185036335	17	17
3	192779505	16	16
3	195512107	23	23
4	9448039	10	15
4	15631216	15	15
4	39084322	7	15
4	69315050	7	16
4	71225109	6	16
4	75324962	17	17
4	77373464	9	17
4	77446681	15	15
4	84523102	4	16
4	84693731	10	15
4	146985722	7	15
4	171530053	4	15
4	185162285	7	15
5	13692279	7	15
5	53738287	10	16
5	97553344	7	15
5	107469684	15	15
5	113947377	15	15
5	120749016	10	16
5	148031190	4	15
5	153686702	4	15
5	159486091	13	17
5	161007256	11	17
5	175385583	5	16
6	1930697	8	16
6	12292772	9	15
6	26391153	10	16
6	31592820	15	15
6	32340792	7	15
6	53995504	10	15
6	54077073	16	16
6	66915032	6	17
6	86869766	15	15
6	86869791	16	16
6	96501846	16	16
6	99813323	15	15
6	106174041	15	15
6	112017435	7	15
6	114502808	7	15
6	132515369	17	23
6	132519246	10	16
6	145431523	7	15
6	146672103	6	15
6	152075426	16	16
6	161944771	9	17
7	27605495	9	16
7	86762989	7	15
7	130744925	10	15
7	134048455	9	18
7	134557955	18	18
8	12438263	23	23
8	12444023	14	25
8	12444213	14	34
8	12458223	3	27
8	27364787	16	16
8	87175364	18	18
8	94041814	16	16
8	114313884	9	15
8	135263343	7	15
8	137545826	10	16
9	119930954	11	17
9	138165503	11	17
